12  1.122262 1.865624 0.410289 1.669130 0.088278
12  1.130776 1.629735 0.553645 2.007181 0.089823
12  1.200940 1.778379 0.489278 1.781816 0.105454
12  1.241732 1.790107 0.526357 1.608493 0.087130
12  1.135020 1.698033 0.441710 1.987045 0.083673
12  1.157861 1.818143 0.493189 1.725835 0.081220
12  1.166285 1.780169 0.489428 1.667477 0.100187
12  1.220994 1.774806 0.495528 1.771658 0.089585
12  1.145284 1.932564 0.480506 1.712045 0.095025
12  1.201975 1.831340 0.503157 1.806246 0.084465
10  1.146723 2.253758 0.438709 1.665479 0.091780
10  1.118977 1.645464 0.478536 1.874797 0.082555
10  1.120022 1.990400 0.667268 1.853254 0.094330
10  1.163601 2.091850 0.497351 1.984197 0.084182
10  1.167351 1.848436 0.549662 1.949644 0.093265
10  1.186220 1.892574 0.577968 2.062485 0.095761
10  1.308268 1.998581 0.658179 2.154722 0.108285
10  1.293758 2.137431 0.585268 1.808336 0.097583
10  1.249645 2.135460 0.608940 2.090946 0.114101
10  1.513355 2.202916 0.710981 2.016439 0.101266
8  1.483140 2.386273 0.536020 2.248832 0.095200
8  1.322682 2.288250 0.585714 2.295306 0.095903
8  1.385909 2.283861 0.586938 2.298394 0.100605
8  1.401771 2.280209 0.600249 2.313076 0.093435
8  1.327026 2.196208 0.591682 1.987260 0.098347
8  1.379844 2.471397 0.591959 2.232518 0.103413
8  1.336192 2.268227 0.595540 2.086689 0.097079
8  1.338117 2.345849 0.605200 2.157387 0.098779
8  1.388104 2.343231 0.615434 2.127400 0.104405
8  1.369851 2.263056 0.594606 2.091643 0.112849
6  1.561653 2.237226 0.594107 2.239177 0.093232
6  1.435148 2.573496 0.588635 2.234798 0.097162
6  1.433231 2.306219 0.640160 2.247938 0.094321
6  1.716481 2.929928 0.656358 2.406792 0.095738
6  1.506805 2.316910 0.658085 2.346340 0.114733
6  1.475897 2.723729 0.605869 2.609388 0.098409
6  1.463356 2.314376 0.653699 2.754373 0.100271
6  1.429418 2.249194 0.667208 2.327373 0.096309
6  1.426999 2.285727 0.660614 2.318943 0.094692
6  1.552571 2.759029 0.634214 2.270987 0.100299
4  2.121706 3.094085 0.889947 3.391542 0.109575
4  2.083155 3.209881 0.865064 3.428928 0.114576
4  2.016574 3.516904 0.882200 3.387089 0.113345
4  1.925976 3.401973 0.876562 3.370990 0.112766
4  1.933610 3.402333 0.870999 3.349245 0.116795
4  1.938888 3.405857 0.924478 3.141140 0.114067
4  1.957301 3.386508 0.874989 3.163597 0.114740
4  1.961421 3.481187 0.891781 3.189916 0.120992
4  1.942731 3.458134 0.895334 3.434347 0.118065
4  1.946080 3.413549 0.881364 3.073823 0.115147
2  3.726363 4.175113 1.738719 4.220137 0.193085
2  3.690672 4.430484 1.700386 4.305423 0.260160
2  3.813934 4.471285 1.721925 4.346327 0.207829
2  3.701030 4.291885 1.717914 4.331134 0.199951
2  3.704586 4.257337 1.700182 4.415096 0.207080
2  3.712373 4.304169 1.705574 4.369408 0.204923
2  3.705219 4.422650 1.712389 4.355679 0.197328
2  3.807005 4.380757 1.685408 4.363011 0.211506
2  3.702795 4.412491 1.707347 4.315250 0.198788
2  3.705180 4.235875 1.712227 4.259329 0.197666
1  7.225760 7.865569 3.230365 7.789666 0.352820
1  7.119177 7.754842 3.274953 8.588761 0.363625
1  7.129025 8.297497 3.309343 8.358431 0.370608
1  7.137628 8.095858 3.358736 8.228476 0.396721
1  7.063637 8.234624 3.338103 8.247714 0.373605
1  7.133766 8.228701 3.314005 8.331674 0.368401
1  7.123847 8.035050 3.377943 8.346056 0.387351
1  7.096516 8.065439 3.334323 8.263357 0.395802
1  7.182047 8.035785 3.534327 8.430011 0.370021
1  7.200108 8.294132 3.359587 8.367105 0.383683
128  1.076705 1.314959 0.410469 1.434837 0.089382
256  1.080120 1.323306 0.399520 1.407057 0.089003
1024  1.072659 1.404447 0.395867 1.426453 0.101006
12  1.185487 1.746061 0.446279 1.679095 0.098160
14  1.190242 1.603351 0.504173 1.595683 0.094479
16  1.348370 1.622962 0.463905 1.561014 0.086623
18  1.144801 1.460079 0.461131 1.511215 0.091488
20  1.427437 1.614144 0.432760 1.491154 0.087338
40  1.048435 1.287987 0.379003 1.391966 0.078037
60  1.074211 1.422440 0.389573 1.395997 0.084589
40  1.180264 1.365210 0.393374 1.370643 0.083324
12  1.096401 1.615821 0.441144 1.665530 0.088536
12  1.106926 1.656970 0.387759 1.580304 0.092918
40  1.069516 1.437928 0.394832 1.380974 0.091343
2  3.688366 4.121438 1.699409 4.341479 0.218188
